function mpc = case56_sce
%CASE56_SCE   Power Flow Data for 56-bus, 55-branch, 2-generator, 4-capacitor case
%  the buses with capacitors are considered as PV buses
%  South California Edison (SCE) 56-node Distribution Network
%  From the Paper:
%  [1] L. Gan, N. Li, U. Topcu, and S. H. Low, “Exact convex relaxation of optimal power flow in radial networks,” IEEE Transactions on Automatic Control, vol. 60, no. 1, pp. 72–87, 2015.
%  @article{gan2015exact,
%  title={Exact convex relaxation of optimal power flow in radial networks},
%  author={Gan, Lingwen and Li, Na and Topcu, Ufuk and Low, Steven H},
%  journal={IEEE Transactions on Automatic Control},
%  volume={60},
%  number={1},
%  pages={72--87},
%  year={2015},
%  publisher={IEEE}
%  }
%  original case by L. Gan, N. Li, U. Topcu, and S. H. Low
%  this matpower case is created by X. Geng
%Matpower

%% MATPOWER Case Format : Version 2
mpc.version = '2';

%%-----  Power Flow Data  -----%%
%% system MVA base
mpc.baseMVA = 1;

%% bus data
%	bus_i	type	Pd	Qd	Gs	Bs	area	Vm	Va	baseKV	zone	Vmax	Vmin
mpc.bus = [
	1	1	0	0	0	0	1	1	0	12	1	1.1	0.9;
	2	1	0.0513	0.024845724	0	0	1	1	0	12	1	1.1	0.9;
	3	1	0	0	0	0	1	1	0	12	1	1.1	0.9;
	4	1	0.1089	0.0527426772	0	0	1	1	0	12	1	1.1	0.9;
	5	1	0.0441	0.0213586048	0	0	1	1	0	12	1	1.1	0.9;
	6	1	0.0477	0.0231021644	0	0	1	1	0	12	1	1.1	0.9;
	7	1	0.0423	0.020486825	0	0	1	1	0	12	1	1.1	0.9;
	8	1	0.0612	0.0296405128	0	0	1	1	0	12	1	1.1	0.9;
	9	1	0.0432	0.0209227149	0	0	1	1	0	12	1	1.1	0.9;
	10	1	0.0603	0.0292046229	0	0	1	1	0	12	1	1.1	0.9;
	11	1	0.0846	0.0409736501	0	0	1	1	0	12	1	1.1	0.9;
	12	1	0	0	0	0	1	1	0	12	1	1.1	0.9;
	13	1	0.0513	0.024845724	0	0	1	1	0	12	1	1.1	0.9;
	14	1	0	0	0	0	1	1	0	12	1	1.1	0.9;
	15	1	0.0477	0.0231021644	0	0	1	1	0	12	1	1.1	0.9;
	16	1	0.0513	0.024845724	0	0	1	1	0	12	1	1.1	0.9;
	17	1	0.1008	0.0488196682	0	0	1	1	0	12	1	1.1	0.9;
	18	2	0.0783	0.0379224208	0	0	1	1	0	12	1	1.1	0.9;
	19	1	0	0	0	0	1	1	0	12	1	1.1	0.9;
	20	2	0	0	0	0	1	1	0	12	1	1.1	0.9;
	21	1	0.0567	0.0274610633	0	0	1	1	0	12	1	1.1	0.9;
	22	1	0	0	0	0	1	1	0	12	1	1.1	0.9;
	23	1	0.1215	0.0588451357	0	0	1	1	0	12	1	1.1	0.9;
	24	1	0.09	0.0435889894	0	0	1	1	0	12	1	1.1	0.9;
	25	1	0	0	0	0	1	1	0	12	1	1.1	0.9;
	26	1	0.0432	0.0209227149	0	0	1	1	0	12	1	1.1	0.9;
	27	1	0.0342	0.016563816	0	0	1	1	0	12	1	1.1	0.9;
	28	1	0.0396	0.0191791554	0	0	1	1	0	12	1	1.1	0.9;
	29	2	0	0	0	0	1	1	0	12	1	1.1	0.9;
	30	1	0.0477	0.0231021644	0	0	1	1	0	12	1	1.1	0.9;
	31	1	0.2007	0.0972034464	0	0	1	1	0	12	1	1.1	0.9;
	32	1	0.1107	0.053614457	0	0	1	1	0	12	1	1.1	0.9;
	33	1	0.0603	0.0292046229	0	0	1	1	0	12	1	1.1	0.9;
	34	1	0.0846	0.0409736501	0	0	1	1	0	12	1	1.1	0.9;
	35	1	0.0873	0.0422813198	0	0	1	1	0	12	1	1.1	0.9;
	36	1	0.2529	0.12248506	0	0	1	1	0	12	1	1.1	0.9;
	37	1	0.1053	0.0509991176	0	0	1	1	0	12	1	1.1	0.9;
	38	1	0.1179	0.0571015762	0	0	1	1	0	12	1	1.1	0.9;
	39	1	0.027	0.0130766968	0	0	1	1	0	12	1	1.1	0.9;
	40	1	0.0414	0.0200509351	0	0	1	1	0	12	1	1.1	0.9;
	41	1	0.0486	0.0235380543	0	0	1	1	0	12	1	1.1	0.9;
	42	1	0.0747	0.0361788612	0	0	1	1	0	12	1	1.1	0.9;
	43	1	0.0513	0.024845724	0	0	1	1	0	12	1	1.1	0.9;
	44	2	0	0	0	0	1	1	0	12	1	1.1	0.9;
	45	1	0.1206	0.0584092458	0	0	1	1	0	12	1	1.1	0.9;
	46	1	0.0405	0.0196150452	0	0	1	1	0	12	1	1.1	0.9;
	47	1	0.1764	0.0854344193	0	0	1	1	0	12	1	1.1	0.9;
	48	1	0	0	0	0	1	1	0	12	1	1.1	0.9;
	49	1	0.0405	0.0196150452	0	0	1	1	0	12	1	1.1	0.9;
	50	1	0	0	0	0	1	1	0	12	1	1.1	0.9;
	51	1	0.2835	0.137305317	0	0	1	1	0	12	1	1.1	0.9;
	52	2	0	0	0	0	1	1	0	12	1	1.1	0.9;
	53	1	0.0549	0.0265892836	0	0	1	1	0	12	1	1.1	0.9;
	54	1	0.0495	0.0239739442	0	0	1	1	0	12	1	1.1	0.9;
	55	1	0.117	0.0566656863	0	0	1	1	0	12	1	1.1	0.9;
    56	3	0	0	0	0	1	1	0	12	1	1.1	0.9;    
];

%% generator data
%	bus	Pg	Qg	Qmax	Qmin	Vg	mBase	status	Pmax	Pmin	Pc1	Pc2	Qc1min	Qc1max	Qc2min	Qc2max	ramp_agc	ramp_10	ramp_30	ramp_q	apf
% this is the original data
% mpc.gen = [
% 	1	1.31327311	0.261937809	38.35	-38.35	1	1	1	38.35	-38.35	0	0	0	0	0	0	0	0	0	0	0;
% 	45	2.15886782	0	0	0	1	1	1	5	0	0	0	0	0	0	0	0	0	0	0	0;
% 	19	0	0.156076218	0.6	-0.6	1	1	1	0	0	0	0	0	0	0	0	0	0	0	0	0;
% 	21	0	0.389295839	0.6	-0.6	1	1	1	0	0	0	0	0	0	0	0	0	0	0	0	0;
% 	30	0	0.297963975	0.6	-0.6	1	1	1	0	0	0	0	0	0	0	0	0	0	0	0	0;
% 	53	0	0.599998679	0.6	-0.6	1	1	1	0	0	0	0	0	0	0	0	0	0	0	0	0;
% ];

mpc.gen = [
	56	1.31327311	0.261937809	38.35	-38.35	1	1	1	38.35	-38.35	0	0	0	0	0	0	0	0	0	0	0;
];


%% branch data
%	fbus	tbus	r	x	b	rateA	rateB	rateC	ratio	angle	status	angmin	angmax
